Rows=[1,2,2,1,1,2,3,3,3,3,2,1,0,0,0,0]
Colms=[1,1,2,2,3,3,3,2,1,0,0,0,0,1,2,3]
A=[-6.9829,0.567,0.0,-0.0,0.0,-0.0,-0.0,0.0,6.0091,6.0091,0.567,-6.9829,7.3617,7.3617,0.0,-0.0]
W=[11.3881,0.0,-0.0,-0.1208,0.4715,0.0,-0.0,-0.0,-0.0,-0.0,-0.0,-3.0761,-3.0761,11.3881,-0.1208,0.4715]
B0=[64,69,70,70,72,71,71,64,71,69,71,73,67,72,72,69]
B1=[73,72,64,68,70,65,62,69,69,75,70,71,72,63,60,72]
B2=[70,67,74,69,72,69,70,70,69,69,67,75,72,69,72,70]
B3=[62,65,68,69,72,74,69,69,69,71,67,71,64,66,61,66]
M0=[5.68348286213e+27,2.13943450381e+20,2.42351197542e+16,6.56313981814e+21,-1.37812874842e+38,-1.22781134615e+32,2.58331768886e+38,-1.91021840388e+22,-7.34821344174e+27,7.34821344174e+27,-2.13943450383e+20,-5.68348286213e+27,5.68348286213e+27,-5.68348286213e+27,-6.56313981814e+21,1.37812874842e+38]
M1=[8.61799999035e+27,-5.5197603254e+22,3.85581932394e+16,6.87608049268e+21,-1.88346111241e+38,7.53897241716e+32,3.25411155261e+37,-2.13875196136e+22,3.62309862608e+27,-3.62309862608e+27,5.5197603254e+22,-8.61799999035e+27,8.61799999034e+27,-8.61799999034e+27,-6.87608049268e+21,1.88346111241e+38]
M2=[6.41348625797e+25,5.01047135426e+22,-6.15246711999e+16,1.56942949311e+22,-3.695730689e+37,-1.06383322678e+33,5.28799462168e+38,5.85946741881e+21,-2.19733608556e+28,2.19733608556e+28,-5.01047135426e+22,-6.41348625808e+25,6.41348625844e+25,-6.41348625833e+25,-1.5694294931e+22,3.695730689e+37]
M3=[-5.13784912745e+27,1.05723417283e+23,-4.91621342427e+16,1.38621807977e+22,2.4620273616e+37,-1.72071837934e+33,7.80720223892e+38,7.06558250761e+21,-4.43062534438e+28,4.43062534438e+28,-1.05723417283e+23,5.13784912745e+27,-5.13784912744e+27,5.13784912744e+27,-1.38621807977e+22,-2.46202736159e+37]
Pd=[0.6936,0.9903,0.5801,0.5779]
Theta_opt=[0.0,90.0,90.0]
CondB0=[646.677074238]
CondA=[1.49428304182e+15]
CondW=[2.27368591592e+25]